0.00        132.32   0.00
0.00        130.68   -23.45
-22.30    130.68   -7.25
-13.78    130.68   18.97
13.78     130.68   18.97
22.30     130.68   -7.25
0.00        123.65   -47.11
-22.86    126.15   -31.46
-44.81    123.65   -14.56
-36.98    126.15   12.02
-27.69    123.65   38.11
0.00        126.15   38.89
27.69     123.65   38.11
36.98     126.15   12.02
44.81     123.65   -14.56
22.86     126.15   -31.46
0.00        112.78   -69.70
-24.19    116.68   -57.22
-46.95    116.68   -40.69
-66.29    112.78   -21.54
-61.90    116.68   5.32
-53.20    116.68   32.08
-40.97    112.78   56.39
-14.07    116.68   60.51
14.07     116.68   60.51
40.97     112.78   56.39
53.20     116.68   32.08
61.90     116.68   5.32
66.29     112.78   -21.54
46.95     116.68   -40.69
24.19     116.68   -57.22
0.00        97.43     -89.52
-24.19    103.36   -78.77
-47.21    105.15   -64.98
-67.44    103.36   -47.34
-85.14    97.43     -27.66
-82.39    103.36   -1.34
-76.39    105.15   24.82
-65.87    103.36   49.51
-52.62    97.43     72.43
-26.73    103.36   77.94
0.00        105.15   80.32
26.73     103.36   77.94
52.62     97.43     72.43
65.87     103.36   49.51
76.39     105.15   24.82
82.39     103.36   -1.34
85.14     97.43     -27.66
67.44     103.36   -47.34
47.21     105.15   -64.98
24.19     103.36   -78.77
0.00        79.42     -106.40
-22.86    84.56     -98.77
-46.95    88.57     -86.16
-67.44    88.57     -71.28
-86.87    84.56     -52.26
-101.19 79.42     -32.88
-100.99 84.56     -8.78
-96.45    88.57     18.02
-88.63    88.57     42.11
-76.54    84.56     66.47
-62.54    79.42     86.08
-39.56    84.56     93.34
-12.66    88.57     97.30
12.66     88.57     97.30
39.56     84.56     93.34
62.54     79.42     86.08
76.54     84.56     66.47
88.63     88.57     42.11
96.45     88.57     18.02
100.99   84.56     -8.78
101.19   79.42     -32.88
86.87     84.56     -52.26
67.44     88.57     -71.28
46.95     88.57     -86.16
22.86     84.56     -98.77
0.00        59.17     -118.35
-22.30    64.92     -113.65
-44.81    68.32     -104.08
-66.29    69.70     -91.24
-85.14    68.32     -74.78
-101.19 64.92     -56.33
-112.56 59.17     -36.57
-114.98 64.92     -13.91
-112.83 68.32     10.45
-107.26 69.70     34.85
-97.43    68.32     57.87
-84.84    64.92     78.83
-69.56    59.17     95.75
-48.76    64.92     105.05
-24.93    68.32     110.54
0.00        69.70     112.78
24.93     68.32     110.54
48.76     64.92     105.05
69.56     59.17     95.75
84.84     64.92     78.83
97.43     68.32     57.87
107.26   69.70     34.85
112.83   68.32     10.45
114.98   64.92     -13.91
112.56   59.17     -36.57
101.19   64.92     -56.33
85.14     68.32     -74.78
66.29     69.70     -91.24
44.81     68.32     -104.08
22.30     64.92     -113.65
-13.78    41.48     -125.37
-36.98    45.67     -118.21
-61.90    47.42     -106.74
-82.39    47.42     -91.85
-100.99 45.67     -71.70
-114.98 41.48     -51.85
-123.49 41.48     -25.63
-123.85 45.67     -1.35
-120.64 47.42     25.88
-112.81 47.42     49.97
-99.40    45.67     73.89
-84.84    41.48     93.33
-62.54    41.48     109.53
-39.56    45.67     117.37
-12.66    47.42     122.73
12.66     47.42     122.73
39.56     45.67     117.37
62.54     41.48     109.53
84.84     41.48     93.33
99.40     45.67     73.89
112.81   47.42     49.97
120.64   47.42     25.88
123.85   45.67     -1.35
123.49   41.48     -25.63
114.98   41.48     -51.85
100.99   45.67     -71.70
82.39     47.42     -91.85
61.90     47.42     -106.74
36.98     45.67     -118.21
13.78     41.48     -125.37
0.00        21.64     -130.23
-27.69    21.21     -127.64
-53.20    23.49     -118.70
-76.39    24.82     -105.15
-96.45    23.49     -87.28
-112.83 21.21     -65.78
-123.85 21.64     -40.24
-129.95 21.21     -13.11
-129.33 23.49     13.92
-123.61 24.82     40.16
-112.81 23.49     64.76
-97.43    21.21     86.98
-76.54    21.64     105.35
-52.62    21.21     119.54
-26.73    23.49     127.30
0.00        24.82     129.97
26.73     23.49     127.30
52.62     21.21     119.54
76.54     21.64     105.35
97.43     21.21     86.98
112.81   23.49     64.76
123.61   24.82     40.16
129.33   23.49     13.92
129.95   21.21     -13.11
123.85   21.64     -40.24
112.83   21.21     -65.78
96.45     23.49     -87.28
76.39     24.82     -105.15
53.20     23.49     -118.70
27.69     21.21     -127.64
-14.07    -1.94      -131.42
-40.97    0.00        -126.09
-65.87    1.94        -114.59
-88.63    1.94        -98.05
-107.26 0.00        -77.93
-120.64 -1.94      -53.99
-129.33 -1.94      -27.23
-132.58 0.00        0.00
-129.33 1.94        27.23
-120.64 1.94        53.99
-107.26 0.00        77.93
-88.63    -1.94      98.05
-65.87    -1.94      114.59
-40.97    0.00        126.09
-14.07    1.94        131.42
14.07     1.94        131.42
40.97     0.00        126.09
65.87     -1.94      114.59
88.63     -1.94      98.05
107.26   -0.00      77.93
120.64   1.94        53.99
129.33   1.94        27.23
132.58   0.00        0.00
129.33   -1.94      -27.23
120.64   -1.94      -53.99
107.26   0.00        -77.93
88.63     1.94        -98.05
65.87     1.94        -114.59
40.97     0.00        -126.09
14.07     -1.94      -131.42
0.00        -24.82    -129.97
-26.73    -23.49    -127.30
-52.62    -21.21    -119.54
-76.54    -21.64    -105.35
-97.43    -21.21    -86.98
-112.81 -23.49    -64.76
-123.61 -24.82    -40.16
-129.33 -23.49    -13.92
-129.95 -21.21    13.11
-123.85 -21.64    40.24
-112.83 -21.21    65.78
-96.45    -23.49    87.28
-76.39    -24.82    105.15
-53.20    -23.49    118.70
-27.69    -21.21    127.64
0.00        -21.64    130.23
27.69     -21.21    127.64
53.20     -23.49    118.70
76.39     -24.82    105.15
96.45     -23.49    87.28
112.83   -21.21    65.78
123.85   -21.64    40.24
129.95   -21.21    13.11
129.33   -23.49    -13.92
123.61   -24.82    -40.16
112.81   -23.49    -64.76
97.43     -21.21    -86.98
76.54     -21.64    -105.35
52.62     -21.21    -119.54
26.73     -23.49    -127.30
-12.66    -47.42    -122.73
-39.56    -45.67    -117.37
-62.54    -41.48    -109.53
-84.84    -41.48    -93.33
-99.40    -45.67    -73.89
-112.81 -47.42    -49.97
-120.64 -47.42    -25.88
-123.85 -45.67    1.35
-123.49 -41.48    25.63
-114.98 -41.48    51.85
-100.99 -45.67    71.70
-82.39    -47.42    91.85
-61.90    -47.42    106.74
-36.98    -45.67    118.21
-13.78    -41.48    125.37
13.78     -41.48    125.37
36.98     -45.67    118.21
61.90     -47.42    106.74
82.39     -47.42    91.85
100.99   -45.67    71.70
114.98   -41.48    51.85
123.49   -41.48    25.63
123.85   -45.67    1.35
120.64   -47.42    -25.88
112.81   -47.42    -49.97
99.40     -45.67    -73.89
84.84     -41.48    -93.33
62.54     -41.48    -109.53
39.56     -45.67    -117.37
12.66     -47.42    -122.73
0.00        -69.70    -112.78
-24.93    -68.32    -110.54
-48.76    -64.92    -105.05
-69.56    -59.17    -95.75
-84.84    -64.92    -78.83
-97.43    -68.32    -57.87
-107.26 -69.70    -34.85
-112.83 -68.32    -10.45
-114.98 -64.92    13.91
-112.56 -59.17    36.57
-101.19 -64.92    56.33
-85.14    -68.32    74.78
-66.29    -69.70    91.24
-44.81    -68.32    104.08
-22.30    -64.92    113.65
0.00        -59.17    118.35
22.30     -64.92    113.65
44.81     -68.32    104.08
66.29     -69.70    91.24
85.14     -68.32    74.78
101.19   -64.92    56.33
112.56   -59.17    36.57
114.98   -64.92    13.91
112.83   -68.32    -10.45
107.26   -69.70    -34.85
97.43     -68.32    -57.87
84.84     -64.92    -78.83
69.56     -59.17    -95.75
48.76     -64.92    -105.05
24.93     -68.32    -110.54
-12.66    -88.57    -97.30
-39.56    -84.56    -93.34
-62.54    -79.42    -86.08
-76.54    -84.56    -66.47
-88.63    -88.57    -42.11
-96.45    -88.57    -18.02
-100.99 -84.56    8.78
-101.19 -79.42    32.88
-86.87    -84.56    52.26
-67.44    -88.57    71.28
-46.95    -88.57    86.16
-22.86    -84.56    98.77
0.00        -79.42    106.40
22.86     -84.56    98.77
46.95     -88.57    86.16
67.44     -88.57    71.28
86.87     -84.56    52.26
101.19   -79.42    32.88
100.99   -84.56    8.78
96.45     -88.57    -18.02
88.63     -88.57    -42.11
76.54     -84.56    -66.47
62.54     -79.42    -86.08
39.56     -84.56    -93.34
12.66     -88.57    -97.30
0.00        -105.15 -80.32
-26.73    -103.36 -77.94
-52.62    -97.43    -72.43
-65.87    -103.36 -49.51
-76.39    -105.15 -24.82
-82.39    -103.36 1.34
-85.14    -97.43    27.66
-67.44    -103.36 47.34
-47.21    -105.15 64.98
-24.19    -103.36 78.77
0.00        -97.43    89.52
24.19     -103.36 78.77
47.21     -105.15 64.98
67.44     -103.36 47.34
85.14     -97.43    27.66
82.39     -103.36 1.34
76.39     -105.15 -24.82
65.87     -103.36 -49.51
52.62     -97.43    -72.43
26.73     -103.36 -77.94
-14.13    -116.72 -60.42
-40.97    -112.78 -56.39
-53.10    -116.72 -32.11
-61.83    -116.72 -5.24
-64.92    -112.78 25.77
-46.94    -116.72 40.58
-24.09    -116.72 57.18
-4.45      -112.78 69.70
24.09     -116.72 57.18
46.94     -116.72 40.58
66.29     -112.78 21.54
61.83     -116.72 -5.24
53.10     -116.72 -32.11
40.97     -112.78 -56.39
14.13     -116.72 -60.42
